5.10142137e+02 0.0000
5.11142403e+02 0.0001
5.12142669e+02 0.0001
5.13142935e+02 0.0002
5.14143202e+02 0.0002
5.15143468e+02 0.0002
5.16143734e+02 0.0002
5.17144000e+02 0.0004
5.18144267e+02 0.0004
5.19144533e+02 0.0004
5.20144799e+02 0.0005
5.21145066e+02 0.0006
5.22145332e+02 0.0007
5.23145598e+02 0.0008
5.24145865e+02 0.0009
5.25146131e+02 0.0010
5.26146398e+02 0.0012
5.27146664e+02 0.0013
5.28146931e+02 0.0015
5.29147197e+02 0.0017
5.30147464e+02 0.0020
5.31147731e+02 0.0025
5.32147997e+02 0.0032
5.33148264e+02 0.0041
5.34148531e+02 0.0052
5.35148797e+02 0.0066
5.36149064e+02 0.0082
5.37149331e+02 0.0104
5.38149598e+02 0.0136
5.39149864e+02 0.0188
5.40150131e+02 0.0266
5.41150398e+02 0.0392
5.42150665e+02 0.0567
5.43150932e+02 0.0810
5.44151199e+02 0.1114
5.45151466e+02 0.1487
5.46151733e+02 0.1946
5.47152000e+02 0.2510
5.48152267e+02 0.3144
5.49152534e+02 0.3800
5.50152801e+02 0.4403
5.51153068e+02 0.4832
5.52153335e+02 0.5077
5.53153602e+02 0.5202
5.54153869e+02 0.5250
5.55154137e+02 0.5272
5.56154404e+02 0.5282
5.57154671e+02 0.5284
5.58154938e+02 0.5286
5.59155206e+02 0.5287
5.60155473e+02 0.5291
5.61155740e+02 0.5300
5.62156007e+02 0.5304
5.63156275e+02 0.5306
5.64156542e+02 0.5308
5.65156809e+02 0.5306
5.66157077e+02 0.5309
5.67157344e+02 0.5308
5.68157612e+02 0.5309
5.69157879e+02 0.5304
5.70158147e+02 0.5304
5.71158414e+02 0.5310
5.72158682e+02 0.5311
5.73158949e+02 0.5324
5.74159217e+02 0.5331
5.75159484e+02 0.5341
5.76159752e+02 0.5352
5.77160020e+02 0.5360
5.78160287e+02 0.5369
5.79160555e+02 0.5380
5.80160823e+02 0.5388
5.81161090e+02 0.5400
5.82161358e+02 0.5413
5.83161626e+02 0.5425
5.84161893e+02 0.5437
5.85162161e+02 0.5442
5.86162429e+02 0.5444
5.87162697e+02 0.5441
5.88162965e+02 0.5437
5.89163232e+02 0.5421
5.90163500e+02 0.5421
5.91163768e+02 0.5436
5.92164036e+02 0.5432
5.93164304e+02 0.5441
5.94164572e+02 0.5441
5.95164840e+02 0.5431
5.96165108e+02 0.5436
5.97165376e+02 0.5433
5.98165644e+02 0.5435
5.99165912e+02 0.5440
6.00166180e+02 0.5442
6.01166448e+02 0.5447
6.02166716e+02 0.5454
6.03166984e+02 0.5458
6.04167252e+02 0.5463
6.05167520e+02 0.5461
6.06167788e+02 0.5463
6.07168056e+02 0.5469
6.08168324e+02 0.5477
6.09168593e+02 0.5486
6.10168861e+02 0.5497
6.11169129e+02 0.5508
6.12169397e+02 0.5510
6.13169665e+02 0.5512
6.14169934e+02 0.5514
6.15170202e+02 0.5517
6.16170470e+02 0.5521
6.17170738e+02 0.5530
6.18171007e+02 0.5539
6.19171275e+02 0.5542
6.20171543e+02 0.5545
6.21171812e+02 0.5543
6.22172080e+02 0.5541
6.23172348e+02 0.5539
6.24172617e+02 0.5537
6.25172885e+02 0.5539
6.26173154e+02 0.5538
6.27173422e+02 0.5532
6.28173690e+02 0.5397
6.29173959e+02 0.5482
6.30174227e+02 0.5470
6.31174496e+02 0.5509
6.32174764e+02 0.5529
6.33175033e+02 0.5548
6.34175301e+02 0.5553
6.35175570e+02 0.5556
6.36175839e+02 0.5558
6.37176107e+02 0.5557
6.38176376e+02 0.5559
6.39176644e+02 0.5564
6.40176913e+02 0.5575
6.41177182e+02 0.5581
6.42177450e+02 0.5584
6.43177719e+02 0.5586
6.44177988e+02 0.5586
6.45178256e+02 0.5583
6.46178525e+02 0.5577
6.47178794e+02 0.5572
6.48179062e+02 0.5565
6.49179331e+02 0.5567
6.50179600e+02 0.5583
6.51179869e+02 0.5584
6.52180137e+02 0.5571
6.53180406e+02 0.5581
6.54180675e+02 0.5581
6.55180944e+02 0.5571
6.56181212e+02 0.5575
6.57181481e+02 0.5571
6.58181750e+02 0.5569
6.59182019e+02 0.5567
6.60182288e+02 0.5565
6.61182557e+02 0.5565
6.62182826e+02 0.5568
6.63183095e+02 0.5568
6.64183363e+02 0.5570
6.65183632e+02 0.5566
6.66183901e+02 0.5561
6.67184170e+02 0.5557
6.68184439e+02 0.5554
6.69184708e+02 0.5550
6.70184977e+02 0.5551
6.71185246e+02 0.5552
6.72185515e+02 0.5555
6.73185784e+02 0.5553
6.74186053e+02 0.5551
6.75186322e+02 0.5547
6.76186591e+02 0.5548
6.77186860e+02 0.5546
6.78187129e+02 0.5546
6.79187399e+02 0.5545
6.80187668e+02 0.5544
6.81187937e+02 0.5538
6.82188206e+02 0.5533
6.83188475e+02 0.5529
6.84188744e+02 0.5521
6.85189013e+02 0.5520
6.86189282e+02 0.5511
6.87189552e+02 0.4577
6.88189821e+02 0.4888
6.89190090e+02 0.4911
6.90190359e+02 0.4962
6.91190628e+02 0.5024
6.92190898e+02 0.4976
6.93191167e+02 0.4795
6.94191436e+02 0.4496
6.95191705e+02 0.4117
6.96191975e+02 0.3646
6.97192244e+02 0.3177
6.98192513e+02 0.2680
6.99192782e+02 0.2197
7.00193052e+02 0.1750
7.01193321e+02 0.1334
7.02193590e+02 0.0971
7.03193860e+02 0.0676
7.04194129e+02 0.0456
7.05194398e+02 0.0313
7.06194668e+02 0.0220
7.07194937e+02 0.0161
7.08195207e+02 0.0121
7.09195476e+02 0.0096
7.10195745e+02 0.0077
7.11196015e+02 0.0063
7.12196284e+02 0.0050
7.13196554e+02 0.0041
7.14196823e+02 0.0032
7.15197092e+02 0.0024
7.16197362e+02 0.0017
7.17197631e+02 0.0012
7.18197901e+02 0.0008
7.19198170e+02 0.0005
7.20198440e+02 0.0004
7.21198709e+02 0.0003
7.22198979e+02 0.0003
7.23199248e+02 0.0002
7.24199518e+02 0.0001
7.25199787e+02 0.0001
7.26200057e+02 0.0001
7.27200327e+02 0.0001
7.28200596e+02 0.0000
7.29200866e+02 0.0000
7.30201135e+02 0.0000
