  3654.84   70
  3663.28   50
  3906.37   40
  4046.56  400
  4273.97  150
  4282.97   15
  4318.55   70
  4319.58  150
  4339.22   60
  4347.49  100
  4351.36   15
  4358.33 1000
  4362.64   80
  4376.12  130
  4399.97   30
  4425.19   15
  4453.92  100
  4463.69  130
  4502.35  100
  4537.75  100
  4678.15  100
  4704.40  150
  4708.86  120
  4710.06  100
  4712.06  150
  4715.34  150
  4734.15   60
  4752.73   50
  4788.93  100
  4790.22   50
  4792.62   15
  4799.91  150
  4807.02   50
  4827.34  100
  4829.71   40
  4843.29   30
  4884.92  100
  4916.51   50
  4923.15   50
  5005.16   50
  5028.28   20
  5037.75   50
  5085.82  500
  5144.94   50
  5330.78   60
  5341.09  100
  5343.28   60
  5392.80   10
  5400.56  200
  5460.73  500
  5562.23   80
  5562.77   50
  5566.62   10
  5570.29  300
  5580.39   13
  5649.56   15
  5656.66   50
  5695.75   10
  5719.22   50
  5748.30   50
  5764.42   70
  5769.60   50
  5790.66   60
  5804.45   50
  5820.16   50
  5823.89   30
  5824.80   15
  5832.86   15
  5852.49  200
  5870.92  500
  5872.83   50
  5875.02   10
  5881.90  100
  5894.99   10
  5934.17   10
  5944.83   50
  5965.47   50
  5974.63   50
  5975.53   60
  5987.91   15
  5993.85   10
  6030.00  100
  6056.13   10
  6074.34  100
  6096.16   30
  6099.14  150
  6128.45   10
  6143.06  100
  6163.59  100
  6178.30   15
  6179.66   12
  6182.15   15
  6182.42   30
  6198.26   10
  6217.28  100
  6266.50  100
  6286.01   10
  6304.79   10
  6318.06   50
  6328.16   30
  6334.43  100
  6382.99  100
  6402.25  200
  6421.03   15
  6438.47 1000
  6456.29   30
  6469.70   30
  6472.84   15
  6487.76   12
  6498.72   10
  6504.18   20
  6506.53  150
  6532.88   10
  6533.16   10
  6595.56   10
  6598.95  100
  6652.09   15
  6668.92   15
  6678.28   50
  6699.23   10
  6728.01   20
  6827.32   20
  6872.11   10
  6882.16   30
  6904.68   15
  6925.53   10
  6929.47 1000
  6976.18   10
  7024.05  300
  7032.41  800
  7051.29   20
  7059.11  100
  7081.90   25
  7119.60   50
  7173.94  800
  7224.10   15
  7245.17  800
  7287.26   13
  7345.67  500
  7386.00   10
  7393.79   15
  7425.54   10
  7472.44   30
  7486.86   15
  7488.87  300
  7535.77  300
  7544.04  130
  7584.68   20
  7587.41  150
  7601.55  300
  7642.02   50
  7643.91   10
  7685.25  150
  7694.54  200
  7746.83   25
  7802.65   10
  7854.82  130
  7881.32   10
  7887.40   30
  7913.43   30
  7928.60   30
  7937.00   13
  7943.18   80
  7967.34   50
  7982.40   15
  8029.67   10
  8057.26   20
  8059.50  250
  8061.34   15
  8082.46   60
  8101.98   10
  8104.37  700
  8112.90 1000
  8118.55   40
  8128.91   12
  8132.97   10
  8136.41  170
  8171.02   10
  8190.06  500
  8206.34   70
  8218.37   13
  8231.63 1000
  8259.38   30
  8263.24  500
  8266.08   70
  8266.52   50
  8267.12   10
  8272.35   15
  8280.12  700
  8281.05  250
  8298.11  800
  8300.33  300
  8346.82  200
  8365.75   50
  8377.61  800
  8409.19  200
  8412.43   15
  8417.16   30
  8418.43  250
  8463.36   40
  8484.44   13
  8495.36  700
  8508.87  500
  8544.70   15
  8571.35   30
  8576.01   20
  8591.26  400
  8634.65  350
  8647.04   60
  8648.54   25
  8654.38  600
  8655.52   80
  8679.49  130
  8681.92  150
  8692.20   10
  8696.86   20
  8704.11   30
  8739.39   30
  8758.20   10
  8764.11   25
  8771.66  100
  8776.75 1000
  8780.62  600
  8783.75  400
  8819.41  500
  8853.87  300
  8862.32   30
  8865.31   20
  8865.75  150
  8908.73   20
  8919.50   60
  8928.69  300
  8930.83   20
  8952.25  100
  8981.05   10
  8987.57   20
  8988.56   20
  9045.45   40
  9148.67  120
  9162.65   50
  9167.52   10
  9201.76   90
  9220.06   60
  9221.58   20
  9226.69   20
  9300.85   80
  9313.97   30
  9326.51   70
  9362.08   15
  9373.31   15
  9374.76   10
  9425.38   50
  9459.21   30
  9486.68   50
  9513.38   20
  9534.16   60
  9547.41   30
  9665.42  180
  9685.32   15
  9718.16   10
  9751.76  300
  9799.70  200
  9856.31   80
  9923.19  300
 10139.76  200
 10295.42    4
 10562.41   80
 10798.04   60
 10838.37   10
 10844.48   90
 11143.02  300
 11177.52  500
 11187.11   15
 11257.71   30
 11259.13   25
 11390.43  150
 11409.13   90
 11457.48   80
 11522.75  300
 11525.02  150
 11536.34   90
 11601.54   30
 11614.08  130
 11688.00   30
 11742.01    9
 11766.79  150
 11789.04  130
 11789.89   30
 11792.42   25
 11819.38  250
 11984.91   70
 11997.11  100
 12066.33  200
 12077.22   25
 12235.24   40
 12257.76   10
 12459.39   40
 12590.20   30
 12623.40  250
 12689.20   60