  6382.99 29.7326 NeI    100
  6402.25 51.6857 NeI    200
  6421.03 73.1291 KrI     15
  6438.47 92.9752 CdI   1000
  6456.29 113.254 KrI     30
  6487.76 149.083 XeI     12
  6652.09 336.503 NeI     15
  6668.92 355.611 XeI     15
  6678.28 366.273 NeI     50
  6699.23 390.123 KrI     10
  6728.01 422.947 XeI     20
  6827.32 536.175 XeI     20
  6872.11 587.297 XeI     10
  6882.16 598.729 XeI     30
  6904.68 624.404 KrI     15
  6929.47 652.698 NeI   1000   possible blend with 6925.53  XeI 10
  6976.18 706.011 XeI     10
  7024.05 760.667 NeI    300
  7032.41 770.209 NeI    800
  7051.29 791.747 NeI     20
  7059.11 800.697 NeI    100
  7081.90 826.778 HgI     25
  7119.60 869.796 XeI     50
  7173.94 931.931 NeI    800
  7224.10 989.223 KrI     15
  7245.17 1013.39 NeI    800
  7287.26 1061.47 KrI     13
  7345.67 1128.46 CdI    500
  7386.00 1174.68 XeI     10
  7393.79 1183.59 XeI     15
  7425.54 1220.01 KrI     10
  7472.44 1273.78 NeI     30
  7488.87 1292.62 NeI    300 possible blend with 7486.86 KrI 15
  7535.77 1346.52 NeI    300
  7544.04 1356.00 NeI    130
  7601.55 1422.10 KrI    300
  7685.25 1518.39 KrI    150
  7694.54 1529.09 KrI    200
  7746.83 1589.30 KrI     25
  7802.65 1653.63 XeI     10
  7854.82 1713.83 KrI    130
  7913.43 1781.52 KrI     30
  7928.60 1799.05 KrI     30
  7943.18 1815.89 NeI     80
  7967.34 1843.85 XeI     50
  7982.40 1861.22 KrI     15
  8029.67 1915.93 XeI     10
  8082.46 1977.06 NeI     60
  8104.37 2002.48 KrI    700
  8171.02 2079.47 XeI     10
  8190.06 2101.88 KrI    500
  8206.34 2120.79 XeI     70
  8218.37 2134.71 KrI     13
  8231.63 2150.18 XeI   1000
  8346.82 2284.15 XeI    200
  8365.75 2306.22 NeI     50
  8377.61 2320.05 NeI    800
  8463.36 2420.05 NeI     40
  8484.44 2444.60 NeI     13
  8495.36 2457.43 NeI    700
  8508.87 2473.22 KrI    500
  8544.70 2515.12 NeI     15
  8591.26 2569.56 NeI    400
  8634.65 2620.37 NeI    350
  8704.11 2701.84 NeI     30
  8739.39 2743.19 XeI     30
  8758.20 2765.36 XeI     10
  8764.11 2772.29 KrI     25
  8819.41 2837.34 XeI    500
  8853.87 2877.89 NeI    300
  8908.73 2942.51 XeI     20
  8919.50 2955.26 NeI     60
  8952.25 2993.90 XeI    100
  8981.05 3028.03 XeI     10
  9045.45 3104.11 XeI     40
  9148.67 3226.46 NeI    120
  9201.76 3289.56 NeI     90
  9300.85 3407.62 NeI     80
  9313.97 3423.22 NeI     30
  9326.51 3438.24 NeI     70
  9362.08 3480.73 KrI     15
  9425.38 3556.48 NeI     50
  9459.21 3597.05 NeI     30
  9486.68 3630.02 NeI     50
  9513.38 3662.11 XeI     20
  9534.16 3687.17 NeI     60
  9547.41 3703.02 NeI     30
  9665.42 3845.49 NeI    180
  9685.32 3869.57 XeI     15